0.5,C1  (0,0)
1,C1  (0,0)
1.5,C1  (0,0)
2,C1  (0,0)
2.5,C1  (0,0)
3,C1  (0,0)
3.5,C1  (0,0)
5.5,C1  (0,0)
6,C1  (0,0)
7,C1  (0,0)
8.5,C1  (0,0)
9.5,C1  (0,0)
10,C1  (0,0)
12,C1  (0,0)
12.25,C1  (0,0)
12.5,C1  (0,0)
12.75,C1  (0,0)
12.875,C1  (0,0)
13.125,C1  (0,0)
13.25,C1  (0,0)
13.5,C1  (0,0)
13.75,C1  (0,0)
13.875,C1  (0,0)
14,C1  (0,0)
14.75,C1  (0,0)
14.875,C1  (0,0)
15.125,C1  (0,0)
15.25,C1  (0,0)
15.5,C1  (0,0)
15.75,C1  (0,0)
16,C1  (0,0)
16.25,C1  (0,0)
16.75,C1  (0,0)
16.875,C1  (0,0)
17,C1  (0,0)
17.5,C1  (0,0)
18,C1  (0,0)
18.5,C1  (0,0)
19,C1  (0,0)
19.125,C1  (0,0)
19.25,C1  (0,0)
19.375,C1  (0,0)
19.5,C1  (0,0)
19.75,C1  (0,0)
20,C1  (0,0)
20.5,C1  (0,0)
20.875,C1  (0,0)
21,C1  (0,0)
21.125,C1  (0,0)
21.5,C1  (0,0)
22,C1  (0,0)
22.25,C1  (0,0)
22.5,C1  (0,0)
23.25,C1  (0,0)
23.375,C1  (0,0)
24,C1  (0,0)
24.5,C1  (0,0)
24.875,C1  (0,0)
25,C1  (0,0)
25.125,C1  (0,0)
25.5,C1  (0,0)
26,C1  (0,0)
26.25,C1  (0,0)
26.5,C1  (0,0)
27,C1  (0,0)
27.25,C1  (0,0)
28,C1  (0,0)
28.25,C1  (0,0)
28.5,C1  (0,0)
29,C1  (0,0)
29.125,C1  (0,0)
29.5,C1  (0,0)
29.75,C1  (0,0)
30,C1  (0,0)
30.75,C1  (0,0)
31,C1  (0,0)
31.5,C1  (0,0)
32.5,C1  (0,0)
33,C1  (0,0)
33.5,C1  (0,0)
33.875,C1  (0,0)
34,C1  (0,0)
34.75,C1  (0,0)
35,C1  (0,0)
35.125,C1  (0,0)
35.5,C1  (0,0)
36,C1  (0,0)
37.5,C1  (0,0)
38,C1  (0,0)
39,C1  (0,0)
40.5,C1  (0,0)
41,C1  (0,0)
41.5,C1  (0,0)
42,C1  (0,0)