8
10
10.75
11
11.25
12
12.75
13
13.25
14
14.75
15
15.25
16
17
18
19
20
20.75
21.5
22.5
23
24
26
27
27.25
28
29
29.25
30
31
31.25
32
33
33.25
34
35
36
37
37.25
38
39
39.25
40
41.5
42
42.25
42.5
42.75
43.5
44
45.5
45.75
46.5
46.75
47
47.25
48
48.75
49.5
52
52.75
54
54.75
56
56.75
57.5
58
58.75
60
60.75
61.25
62
62.75
63.25
64
65
65.25
66
66.75
67.25
68
69
69.75
70.25
70.75
71.25
72
73.5
74
74.75
75.25
75.75
76.75
77.25
77.75
78.75
79.25
79.75
80
81
81.25
82
82.75
83.25
83.75
84.75
85.25
85.75
86.75
87.25
87.75
88
88.75
89
89.25
90
90.75
91
91.25
92
92.75
93.25
93.75
94
94.75
95.25